# profundidad z (m) / velocidad inicial (m/s), profundidad z (m) / velocidad inicial (m/s) [Analítico], Presión (Pa), Presión (Pa) [Analítico],  velocidad (m/s),  velocidad (m/s) [Analítico], densidad del magma (kg/m^3), densidad del magma (kg/m^3) [Analítico], densidad del gas (kg/m^3), densidad del gas (kg/m^3) [Analítico], área (m^2), área (m^2) [Analítico], fracción másica de gas (adimensional), fracción másica de gas (adimensional) [Analítico], fracción volumétrica de gas (adimensional), fracción volumétrica de gas (adimensional) [Analítico], velocidad del sonido (m/s), velocidad del sonido (m/s) [Analítico], número de Mach (adimensional), número de Mach (adimensional) [Analítico], fuerza de rozamiento (N), fuerza de rozamiento (N) [Analítico]
-8000.000000 -8000.000000 200000000.000000 200000000.000000 2.416194 2.851481 385.485693 385.485693 2400.000000 2400.000000 1963.000000 1963.000000 0.000000 0.000000 0.000000 0.000000 inf inf 0.000000 0.000000 12.889620 15.211737
-7045.373407 -7045.373407 147992813.498323 142670825.953188 2.416211 2.872525 285.245561 274.987811 2399.983032 2382.417353 1963.000000 1963.000000 0.000001 0.000955 0.000008 0.008274 87665.611333 2690.278590 0.000028 0.001068 12.889802 15.437095
-7045.274964 -7045.274964 147987450.334182 142664914.010980 2.416228 2.872550 285.235224 274.976416 2399.966062 2382.397006 1963.000000 1963.000000 0.000002 0.000956 0.000016 0.008284 61986.888863 2688.686269 0.000039 0.001068 12.889985 15.437359
-7044.881195 -7044.881195 147965997.677620 142641266.298772 2.416297 2.872648 285.193876 274.930837 2399.898170 2382.315598 1963.000000 1963.000000 0.000006 0.000960 0.000048 0.008322 35783.391135 2682.342838 0.000068 0.001071 12.890714 15.438414
-7043.306134 -7043.306134 147880187.051371 142546676.356799 2.416570 2.873041 285.028482 274.748521 2399.626370 2381.989661 1963.000000 1963.000000 0.000021 0.000977 0.000177 0.008474 18677.332897 2657.374896 0.000129 0.001081 12.893634 15.442640
-7037.006134 -7037.006134 147536944.546375 142168331.156401 2.417669 2.874620 284.366906 274.019288 2398.535497 2380.681053 1963.000000 1963.000000 0.000082 0.001046 0.000692 0.009087 9426.542290 2563.532068 0.000256 0.001121 12.905365 15.459621
-7011.810090 -7011.810090 146163974.526392 140655187.181918 2.422136 2.881050 281.720605 271.102811 2394.112563 2375.367946 1963.000000 1963.000000 0.000327 0.001321 0.002779 0.011570 4686.799539 2262.244071 0.000517 0.001274 12.953093 15.528857
-6911.093493 -6911.093493 140672094.446456 134606654.495557 2.441188 2.908689 271.135399 259.444697 2375.428023 2352.796518 1963.000000 1963.000000 0.001317 0.002432 0.011542 0.022052 2265.098058 1610.709748 0.001078 0.001806 13.157666 15.828237
-6704.222950 -6704.222950 129369882.262506 122182961.572144 2.487299 2.976941 249.351193 235.498918 2331.390832 2298.854811 1963.000000 1963.000000 0.003412 0.004787 0.031902 0.046729 1318.872223 1066.487672 0.001886 0.002791 13.659425 16.579758
-6501.383800 -6501.383800 118250198.663288 110001228.927728 2.544105 3.063477 227.918799 212.019500 2279.334570 2233.917302 1963.000000 1963.000000 0.005555 0.007204 0.055553 0.075907 966.370130 805.424342 0.002633 0.003804 14.290468 17.557679
-6321.641100 -6321.641100 108353285.451350 99206414.826030 2.607347 3.162760 208.843206 191.213268 2224.048527 2163.791602 1963.000000 1963.000000 0.007540 0.009450 0.080301 0.106940 778.913420 654.773941 0.003347 0.004830 15.009772 18.714163
-6161.586520 -6161.586520 99493038.119417 89593833.388912 2.677432 3.276141 191.765714 172.685705 2165.831303 2088.906992 1963.000000 1963.000000 0.009389 0.011546 0.106043 0.139672 658.176221 554.147189 0.004068 0.005912 15.827537 20.079971
-6018.272084 -6018.272084 91507933.357541 80986441.206265 2.754962 3.405383 176.374995 156.095572 2104.880147 2009.628581 1963.000000 1963.000000 0.011121 0.013513 0.132720 0.173970 572.330973 481.295088 0.004814 0.007075 16.757447 21.695501
-5889.414185 -5889.414185 84272441.601341 73247090.554808 2.840617 3.552489 162.429103 141.178527 2041.410489 1926.411026 1963.000000 1963.000000 0.012751 0.015365 0.160258 0.209662 507.536440 425.854141 0.005597 0.008342 17.815660 23.610401
-5773.020518 -5773.020518 77676385.351686 66256123.859639 2.935323 3.720018 149.715676 127.703939 1975.546172 1839.656463 1963.000000 1963.000000 0.014295 0.017118 0.188622 0.246598 456.566857 382.164130 0.006429 0.009734 19.023404 25.889748
-5667.435515 -5667.435515 71627456.681790 59914101.888477 3.040255 3.911118 138.056799 115.480145 1907.361589 1749.769519 1963.000000 1963.000000 0.015764 0.018784 0.217794 0.284625 415.240745 346.846974 0.007322 0.011276 20.407816 28.618020
-5571.281826 -5571.281826 66047974.494232 54138288.790569 3.156902 4.129679 127.302746 104.347679 1836.884671 1657.163874 1963.000000 1963.000000 0.017172 0.020375 0.247774 0.323584 380.943814 317.743067 0.008287 0.012997 22.003857 31.905853
-5483.402061 -5483.402061 60871588.815658 48859152.402346 3.287171 4.380554 117.325633 94.172521 1764.090084 1562.257840 1963.000000 1963.000000 0.018528 0.021901 0.278581 0.363315 351.942019 293.396431 0.009340 0.014930 23.857289 35.900116
-5402.810905 -5402.810905 56040466.890287 44017486.715711 3.433545 4.669887 108.013991 84.840557 1688.885921 1465.464522 1963.000000 1963.000000 0.019843 0.023369 0.310261 0.403659 327.029596 272.783139 0.010499 0.017119 26.029269 40.799107
-5328.654759 -5328.654759 51502754.265113 39561985.433833 3.599342 5.005617 99.267875 76.252897 1611.090618 1367.175033 1963.000000 1963.000000 0.021128 0.024790 0.342895 0.444465 305.333679 255.157329 0.011788 0.019618 28.603730 46.876269
-5260.174532 -5260.174532 47209963.383583 35447002.835629 3.789137 5.398275 90.993827 68.321562 1530.392183 1267.729932 1963.000000 1963.000000 0.022393 0.026171 0.376616 0.485603 286.197801 239.958259 0.013240 0.022497 31.699844 54.518988
-5196.664340 -5196.664340 43113646.817987 31630065.736779 4.009529 5.862387 83.098470 60.964689 1446.270968 1167.366540 1963.000000 1963.000000 0.023652 0.027521 0.411640 0.526984 269.106280 226.750284 0.014899 0.025854 35.494680 64.296420
-5137.409871 -5137.409871 39159822.332310 28068156.279782 4.270667 6.419196 75.477756 54.099363 1357.836072 1066.107689 1963.000000 1963.000000 0.024921 0.028854 0.448335 0.568606 253.627021 215.179467 0.016838 0.029832 40.268729 77.090192
-5081.556902 -5081.556902 35276417.742975 24709779.657370 4.589830 7.102962 67.992772 47.626333 1263.416270 963.478996 1963.000000 1963.000000 0.026229 0.030186 0.487384 0.610669 239.349891 204.932329 0.019176 0.034660 46.512499 94.387998
-5028.486000 -5028.486000 31393013.153640 21517444.093807 4.995313 7.965378 60.507787 41.473334 1160.861252 859.162511 1963.000000 1963.000000 0.027608 0.031536 0.529661 0.653305 225.957716 195.794126 0.022107 0.040682 55.093704 118.699979
-4977.994226 -4977.994226 27449069.528994 18478540.586003 5.534732 9.081983 52.906118 35.616065 1047.722869 753.530870 1963.000000 1963.000000 0.029093 0.032914 0.576150 0.696363 213.242115 187.657322 0.025955 0.048397 67.634729 154.311815
-4926.761138 -4926.761138 23069117.711911 15392281.034034 6.367435 10.695539 44.464074 29.667521 910.706713 639.851260 1963.000000 1963.000000 0.030869 0.034430 0.632252 0.742575 200.161697 179.987327 0.031811 0.059424 89.517001 214.014510
-4895.383335 -4895.383335 20093204.505801 13499917.529464 7.155267 12.069948 38.728214 26.020125 810.433187 566.991194 1963.000000 1963.000000 0.032169 0.035434 0.673182 0.772125 191.910877 175.603692 0.037284 0.068734 113.038964 272.551546
-4870.609676 -4870.609676 17495919.284031 12004037.564072 8.076003 13.478148 33.722133 23.136924 718.036571 507.751833 1963.000000 1963.000000 0.033383 0.036277 0.710806 0.796112 185.148287 172.326060 0.043619 0.078213 144.002314 339.858611
-4850.948040 -4850.948040 15197982.310606 14632478.616511 9.168462 11.202753 29.293024 28.203056 632.479640 610.881490 1963.000000 1963.000000 0.034531 0.034826 0.745567 0.754330 179.525613 178.196703 0.051070 0.062867 185.596380 234.794190
-4835.093133 -4835.093133 13110393.637442 14540430.414712 10.510850 11.267970 25.269346 28.025639 551.702793 607.345826 1963.000000 1963.000000 0.035649 0.034874 0.778319 0.755765 174.733650 177.982516 0.060154 0.063309 243.922709 237.535856
-4825.956472 -4825.956472 11764633.867641 14487585.120034 11.641027 11.305802 22.675490 27.923784 498.140392 605.313454 1963.000000 1963.000000 0.036416 0.034902 0.800000 0.756589 171.817872 177.859822 0.067752 0.063566 299.198274 239.133612
-4701.782588 -4701.782588 11168307.965787 13783723.859580 12.232681 11.838658 21.526115 26.567142 474.046984 578.068415 1963.000000 1963.000000 0.036770 0.035279 0.809743 0.767636 170.572630 176.244716 0.071715 0.067172 0.014966 0.014017
-4571.208849 -4571.208849 10571982.063933 13072089.955029 12.893803 12.438435 20.376739 25.195518 449.740516 550.194138 1963.000000 1963.000000 0.037133 0.035670 0.819566 0.778930 169.357762 174.648713 0.076134 0.071220 0.016627 0.015473
-4438.872442 -4438.872442 9998384.199564 12380140.964040 13.607078 13.090709 19.271170 23.861836 426.165372 522.779487 1963.000000 1963.000000 0.037491 0.036060 0.829088 0.790030 168.219143 173.133746 0.080889 0.075610 0.018518 0.017139
-4306.234517 -4306.234517 9453179.547318 11715624.658066 14.368354 13.792804 18.220327 22.581028 403.585934 496.168443 1963.000000 1963.000000 0.037842 0.036445 0.838203 0.800798 167.165412 171.714416 0.085953 0.080324 0.020648 0.019027
-4173.370348 -4173.370348 8935479.519208 11078468.123358 15.180394 14.548417 17.222498 21.352955 381.997038 470.398563 1963.000000 1963.000000 0.038183 0.036824 0.846912 0.811218 166.191872 170.387628 0.091343 0.085384 0.023047 0.021168
-4040.184916 -4040.184916 8443737.504383 10467728.657497 16.047229 15.362559 16.274700 20.175798 361.362415 445.469689 1963.000000 1963.000000 0.038517 0.037197 0.855232 0.821292 165.292810 169.148590 0.097084 0.090823 0.025755 0.023604
-3906.540122 -3906.540122 7976354.619350 9882316.752173 16.973626 16.241113 15.373853 19.047459 341.639761 421.372255 1963.000000 1963.000000 0.038843 0.037565 0.863179 0.831024 164.462725 167.992440 0.103207 0.096678 0.028814 0.026381
-3772.272591 -3772.272591 7531770.707243 9321109.348376 17.965108 17.190890 14.516949 17.965771 322.784907 398.091905 1963.000000 1963.000000 0.039162 0.037928 0.870773 0.840420 163.696490 166.914497 0.109746 0.102992 0.032279 0.029556
-3637.189685 -3637.189685 7108464.968781 8782954.450681 19.028132 18.219849 13.701058 16.928516 304.752229 375.609822 1963.000000 1963.000000 0.039475 0.038286 0.878032 0.849488 162.989339 165.910270 0.116745 0.109817 0.036212 0.033200
-3501.058751 -3501.058751 6704938.390220 8266653.273499 20.170370 19.337421 12.923289 15.933383 287.494258 353.902128 1963.000000 1963.000000 0.039781 0.038640 0.884976 0.858239 162.336825 164.975429 0.124250 0.117214 0.040690 0.037398
-3363.589742 -3363.589742 6319685.463212 7770928.658206 21.401124 20.554997 12.180742 14.977909 270.960792 332.938711 1963.000000 1963.000000 0.040082 0.038990 0.891625 0.866684 161.734772 164.105766 0.132322 0.125255 0.045807 0.042256
-3224.407420 -3224.407420 5951151.217087 7294374.469562 22.731973 21.886682 11.470418 14.059385 255.097332 312.681207 1963.000000 1963.000000 0.040379 0.039336 0.898001 0.874841 161.179221 163.297133 0.141035 0.134030 0.051681 0.047909
-3083.004998 -3083.004998 5597662.378828 6835371.514808 24.177820 23.350502 10.789094 13.174690 239.842365 293.079538 1963.000000 1963.000000 0.040671 0.039681 0.904130 0.882729 160.666348 162.545354 0.150485 0.143655 0.058464 0.054531
-2938.660222 -2938.660222 5257304.308025 6391933.347960 25.758739 24.970516 10.133078 12.319994 225.122257 274.065390 1963.000000 1963.000000 0.040962 0.040025 0.910041 0.890377 160.192351 161.846060 0.160799 0.154286 0.066360 0.062361
-2790.268604 -2790.268604 4927676.940966 5961395.561111 27.503517 26.780873 9.497745 11.490163 210.840874 255.538883 1963.000000 1963.000000 0.041253 0.040370 0.915774 0.897824 159.753221 161.194383 0.172163 0.166140 0.075654 0.071731
-2635.961671 -2635.961671 4605331.155080 5539691.292551 29.457505 28.834724 8.876446 10.677359 196.855286 237.337260 1963.000000 1963.000000 0.041546 0.040720 0.921385 0.905136 159.344247 160.584203 0.184867 0.179561 0.086785 0.083155
-2472.019026 -2472.019026 4284138.013866 5119243.364938 31.704232 31.228654 8.257370 9.866975 182.905098 219.143428 1963.000000 1963.000000 0.041849 0.041083 0.926979 0.912442 158.958554 160.005955 0.199450 0.195172 0.100529 0.097535
-2296.576409 -2296.576409 3962944.872653 4699046.337350 34.323874 34.060577 7.638293 9.057076 168.945542 200.923032 1963.000000 1963.000000 0.042163 0.041460 0.932574 0.919753 158.596640 159.460966 0.216422 0.213598 0.117828 0.116027
-2099.011346 -2099.011346 3626892.428130 4260348.685923 37.572878 37.628529 6.990576 8.211517 154.336478 181.871430 1963.000000 1963.000000 0.042505 0.041872 0.938427 0.927393 158.246061 158.930906 0.237433 0.236760 0.141190 0.141608
-1943.999128 -1943.999128 3380680.367240 3940031.884470 40.372277 40.747691 6.516020 7.594130 143.634840 167.949499 1963.000000 1963.000000 0.042766 0.042186 0.942712 0.932973 158.009329 158.571792 0.255506 0.256967 0.163013 0.166058
-1791.498522 -1791.498522 3152214.042818 3644034.714618 43.369261 44.128710 6.075667 7.023616 133.709116 155.081677 1963.000000 1963.000000 0.043017 0.042488 0.946684 0.938128 157.806440 158.263200 0.274826 0.278831 0.188113 0.194759
-1657.005577 -1657.005577 2961194.588172 3397752.814074 46.237113 47.400662 5.707491 6.548925 125.415823 144.376767 1963.000000 1963.000000 0.043233 0.042748 0.950003 0.942415 157.650337 158.025157 0.293289 0.299956 0.213814 0.224711
-1533.563612 -1533.563612 2793865.486092 3183133.466556 49.077722 50.673459 5.384976 6.135262 118.156780 135.052046 1963.000000 1963.000000 0.043429 0.042982 0.952906 0.946147 157.524595 157.832898 0.311556 0.321058 0.240893 0.256812
-1419.065542 -1419.065542 2645006.305160 2993253.218471 51.912490 53.968167 5.098060 5.769281 111.704631 126.807241 1963.000000 1963.000000 0.043607 0.043196 0.955486 0.949446 157.422061 157.675628 0.329766 0.342273 0.269525 0.291293
-1312.026486 -1312.026486 2510966.972507 2823260.211754 54.757802 57.301070 4.839709 5.441632 105.900262 119.431528 1963.000000 1963.000000 0.043772 0.043394 0.957806 0.952396 157.337819 157.545903 0.348027 0.363710 0.299880 0.328383
-1211.634330 -1211.634330 2389413.343937 2670021.414748 57.618902 60.676011 4.605423 5.146275 100.641723 112.788468 1963.000000 1963.000000 0.043926 0.043577 0.959908 0.955053 157.268527 157.438649 0.366373 0.385395 0.332036 0.368204
-1117.155160 -1117.155160 2278409.348756 2530941.059143 60.502899 64.099320 4.391471 4.878208 95.844426 106.764850 1963.000000 1963.000000 0.044070 0.043747 0.961825 0.957461 157.211558 157.349865 0.384850 0.407368 0.366106 0.410924
-1028.032302 -1028.032302 2176455.739123 2404002.771333 63.415214 67.575579 4.194963 4.633543 91.442813 101.272596 1963.000000 1963.000000 0.044205 0.043907 0.963583 0.959656 157.164896 157.276471 0.403495 0.429661 0.402200 0.456704
-943.844876 -943.844876 2082374.890212 2287616.778378 66.359704 71.107657 4.013629 4.409218 87.385343 96.242157 1963.000000 1963.000000 0.044332 0.044058 0.965204 0.961666 157.126955 157.216045 0.422332 0.452293 0.440417 0.505694
-864.268148 -864.268148 1995220.620060 2180501.087433 69.339064 74.697124 3.845645 4.202760 83.630571 91.617373 1963.000000 1963.000000 0.044453 0.044199 0.966703 0.963513 157.096465 157.166640 0.441379 0.475273 0.480851 0.558036
-789.046330 -789.046330 1914217.447355 2081601.444086 72.355126 78.344559 3.689517 4.012138 80.144503 87.352005 1963.000000 1963.000000 0.044567 0.044333 0.968095 0.965217 157.072387 157.126665 0.460648 0.498608 0.523592 0.613864
-717.974250 -717.974250 1838719.350950 1990036.897234 75.409051 82.049752 3.544000 3.835654 76.898800 83.407374 1963.000000 1963.000000 0.044676 0.044460 0.969390 0.966792 157.053857 157.094799 0.480148 0.522295 0.568724 0.673301
-650.884679 -650.884679 1768180.957411 1905061.675147 78.501457 85.811830 3.408042 3.671870 73.869528 79.750709 1963.000000 1963.000000 0.044780 0.044580 0.970599 0.968252 157.040152 157.069934 0.499881 0.546329 0.616326 0.736460
-587.639294 -587.639294 1702136.820853 1826037.686715 81.632485 89.629340 3.280747 3.519557 71.036249 76.353951 1963.000000 1963.000000 0.044878 0.044694 0.971730 0.969608 157.030654 157.051131 0.519851 0.570702 0.666470 0.803443
-528.121996 -528.121996 1640186.115028 1752414.137645 84.801850 93.500291 3.161341 3.377653 68.381357 73.192866 1963.000000 1963.000000 0.044973 0.044803 0.972789 0.970869 157.024836 157.037584 0.540054 0.595401 0.719226 0.874341
-472.233833 -472.233833 1581981.075206 1683712.081754 88.008856 97.422176 3.049155 3.245235 65.889569 70.246371 1963.000000 1963.000000 0.045064 0.044906 0.973783 0.972045 157.022242 157.028604 0.560487 0.620410 0.774654 0.949228
-419.889008 -419.889008 1527218.126695 1619512.509944 91.252400 101.391975 2.943604 3.121495 63.547540 67.496016 1963.000000 1963.000000 0.045150 0.045005 0.974717 0.973142 157.022474 157.023589 0.581142 0.645712 0.832805 1.028163
-371.011651 -371.011651 1475630.941017 1559446.984542 94.530958 105.406145 2.844173 3.005723 61.343561 64.925572 1963.000000 1963.000000 0.045233 0.045099 0.975596 0.974168 157.025182 157.022016 0.602011 0.671283 0.893723 1.111186
-325.533135 -325.533135 1426984.970207 1503190.221277 97.842557 109.460596 2.750411 2.897292 59.267314 62.520711 1963.000000 1963.000000 0.045313 0.045189 0.976424 0.975127 157.030059 157.023427 0.623082 0.697097 0.957437 1.198313
-283.389751 -283.389751 1381073.067681 1450454.108873 101.184741 113.550649 2.661920 2.795647 57.309684 60.268738 1963.000000 1963.000000 0.045389 0.045274 0.977205 0.976025 157.036830 157.027418 0.644338 0.723126 1.023964 1.289538
-244.520664 -244.520664 1337711.996911 1400982.895296 104.554511 117.670990 2.578344 2.700294 55.462605 58.158381 1963.000000 1963.000000 0.045463 0.045356 0.977941 0.976866 157.045251 157.033629 0.665760 0.749336 1.093303 1.384821
-208.866019 -208.866019 1296739.608709 1354549.255659 107.948262 121.815599 2.499373 2.610797 53.718934 56.179622 1963.000000 1963.000000 0.045533 0.045434 0.978636 0.977655 157.055100 157.041742 0.687327 0.775689 1.165430 1.484091
-176.365173 -176.365173 1258012.601469 1310951.117807 111.361697 125.977670 2.424729 2.526764 52.072353 54.323550 1963.000000 1963.000000 0.045600 0.045508 0.979293 0.978395 157.066175 157.051470 0.709011 0.802143 1.240299 1.587238
-146.954961 -146.954961 1221404.752909 1270009.096498 114.789719 130.149507 2.354170 2.447852 50.517290 52.582253 1963.000000 1963.000000 0.045665 0.045579 0.979912 0.979089 157.078291 157.062556 0.730780 0.828648 1.317834 1.694103
-120.567976 -120.567976 1186805.592625 1231564.481925 118.226299 134.322388 2.287483 2.373752 49.048863 50.948724 1963.000000 1963.000000 0.045727 0.045647 0.980498 0.979740 157.091278 157.074764 0.752596 0.855149 1.397922 1.804478
-97.130793 -97.130793 1154119.460367 1195477.702379 121.664311 138.486403 2.224483 2.304198 47.662832 49.416796 1963.000000 1963.000000 0.045787 0.045712 0.981050 0.980351 157.104975 157.087879 0.774414 0.881586 1.480407 1.918090
-76.562122 -76.562122 1123265.003920 1161627.301708 125.095316 142.630236 2.165013 2.238954 46.355577 47.981091 1963.000000 1963.000000 0.045844 0.045773 0.981571 0.980923 157.119229 157.101703 0.796181 0.907885 1.565081 2.034595
-58.770810 -58.770810 1094175.129807 1129909.422716 128.509288 146.740883 2.108944 2.177820 45.124097 46.636998 1963.000000 1963.000000 0.045898 0.045831 0.982061 0.981459 157.133893 157.116048 0.817833 0.933965 1.651672 2.153560
-43.653663 -43.653663 1066797.549341 1100237.920898 131.894240 150.803274 2.056176 2.120630 43.966026 45.380674 1963.000000 1963.000000 0.045950 0.045887 0.982523 0.981959 157.148821 157.130736 0.839295 0.959731 1.739829 2.274450
-31.092987 -31.092987 1041096.131209 1072545.284502 135.235713 154.799746 2.006638 2.067254 42.879691 44.209080 1963.000000 1963.000000 0.045999 0.045939 0.982955 0.982426 157.163867 157.145594 0.860476 0.985072 1.829101 2.396598
-20.953737 -20.953737 1017053.492438 1046784.720499 138.516038 158.709284 1.960298 2.017603 41.864218 43.120063 1963.000000 1963.000000 0.046046 0.045988 0.983360 0.982860 157.178879 157.160449 0.881264 1.009855 1.918911 2.519182
-13.080089 -13.080089 994675.663406 1022934.043751 141.713206 162.506395 1.917166 1.971632 40.919726 42.112523 1963.000000 1963.000000 0.046090 0.046034 0.983736 0.983261 157.193693 157.175122 0.901520 1.033919 2.008517 2.641166
-7.291096 -7.291096 974000.604282 1001002.485511 144.799020 166.159352 1.877316 1.929361 40.047685 41.186694 1963.000000 1963.000000 0.046131 0.046077 0.984083 0.983630 157.208125 157.189421 0.921066 1.057064 2.096940 2.761241
-3.374751 -3.374751 955114.805485 981041.823511 147.735730 169.627479 1.840915 1.890888 39.251612 40.344609 1963.000000 1963.000000 0.046169 0.046117 0.984400 0.983965 157.221952 157.203128 0.939664 1.079034 2.182860 2.877711
-1.080736 -1.080736 938207.958086 963174.866356 150.466029 172.855002 1.808329 1.856451 38.539367 39.591300 1963.000000 1963.000000 0.046203 0.046153 0.984684 0.984265 157.234867 157.215974 0.956951 1.099475 2.264288 2.988262
-0.100449 -0.100449 923751.464184 947442.466254 152.880677 175.798742 1.780465 1.826128 37.930664 38.928346 1963.000000 1963.000000 0.046232 0.046184 0.984926 0.984529 157.246322 157.227749 0.972237 1.118115 2.337545 3.090910
0.000000 0.000000 912844.637455 940675.962790 154.753548 177.095431 1.759443 1.813086 37.471616 38.643314 1963.000000 1963.000000 0.046255 0.046198 0.985109 0.984642 157.255222 157.232949 0.984092 1.126325 2.395168 3.136675
